domain=string
num_generations=15
pop_size=60
p_c=0.8
p_m=0.08
tournament_size=3
elite_size=6
w1=0.7
w2=0.2
w3=0.1
d_max=2
pr_op=0.7
time_out=2
avg_fit=[0.09617327064326492, 0.1270990703857221, 0.16683501542605317, 0.20159740163883644, 0.22746978149917543, 0.2597885861999376, 0.25746117057961904, 0.22895169563423926, 0.2481038030753662, 0.2533903404279932, 0.23029175576290362, 0.24793950148715985, 0.25037978882220857, 0.2539609057216848, 0.2571602304310193]
best_fit=[0.2807922438236054, 0.2807922438236054, 0.2879887694502721, 0.2879887694502721, 0.2879887694502721, 0.2879887694502721, 0.2879887694502721, 0.2893217979536054, 0.28933108382027206, 0.2894377255602721, 0.2894377255602721, 0.2894377255602721, 0.2894377255602721, 0.2894377255602721, 0.2894377255602721]
best_individual=((d_L + d_len) + (d_L + (d_L + d_p)))
evaluation_best=0.28480853758999997
evaluation_manually_designed=0.2551538611823809
ga_execution_time_minutes=154.5450773159663