domain=string
num_generations=15
pop_size=60
p_c=0.6
p_m=0.05
tournament_size=3
elite_size=6
w1=0.6
w2=0.3
w3=0.1
d_max=3
pr_op=0.7
time_out=2
avg_fit=[0.10299094880577554, 0.1539337226074698, 0.1831728719836107, 0.2086458491510472, 0.2262521403801746, 0.2369915483689588, 0.2338272486406897, 0.24574710448178533, 0.26823493781103475, 0.27064567450844107, 0.27500814994772566, 0.27417076251793876, 0.28035368975815655, 0.2966296751419614, 0.29191241834378795]
best_fit=[0.28068517510183677, 0.28068517510183677, 0.28068517510183677, 0.2976122168159184, 0.2976122168159184, 0.2976122168159184, 0.3050460073014286, 0.3050460073014286, 0.3061512870940136, 0.3061512870940136, 0.3061512870940136, 0.3061512870940136, 0.30804703643387754, 0.30804703643387754, 0.30804703643387754]
best_individual=(d_len + ((d_len + (d_len + ((d_p + d_len) * (m / d_p)))) + d_len))
evaluation_best=0.2881004658933333
evaluation_manually_designed=0.24293952741857144
ga_execution_time_minutes=98.3427371263504