domain=string
num_generations=15
pop_size=60
p_c=0.8
p_m=0.1
tournament_size=3
elite_size=6
w1=0.6
w2=0.3
w3=0.1
d_max=4
pr_op=0.7
time_out=2
avg_fit=[0.09996027879965874, 0.1384039117266259, 0.17178776386786734, 0.19112559509084387, 0.20991774148049963, 0.223143645775203, 0.20033128047602905, 0.21592857163330606, 0.21095178296689834, 0.21873372614195616, 0.25113786752423883, 0.2401036994532199, 0.2572934287553496, 0.24242415503886242, 0.25728909159655516]
best_fit=[0.2297985376747619, 0.29193788837013607, 0.29193788837013607, 0.29193788837013607, 0.29193788837013607, 0.29193788837013607, 0.33972352231238095, 0.33972352231238095, 0.33972352231238095, 0.33972352231238095, 0.33972352231238095, 0.33972352231238095, 0.3434427877623809, 0.3434427877623809, 0.3434427877623809]
best_individual=(d_U - ((((d_len + d_p) - (d_U - d_L)) - (m * (d_U * d_len))) / (((m / d_L) - d_p) + (((d_U + d_U) + ((d_U + d_len) * (d_len / d_len))) - ((((d_len + d_p) - (d_U - d_L)) - (m * (d_U * d_len))) / (((m / d_L) - d_p) + (d_len + d_L)))))))
evaluation_best=0.2647181907604762
evaluation_manually_designed=0.2439050328752381
ga_execution_time_minutes=157.81691610415777