domain=string
num_generations=15
pop_size=60
p_c=0.9
p_m=0.1
tournament_size=2
elite_size=6
w1=0.6
w2=0.3
w3=0.1
d_max=1
pr_op=0.7
time_out=2
avg_fit=[0.11044610146779252, 0.1295519191529501, 0.148264689102754, 0.1665826876096017, 0.19041921003903856, 0.2091764563002914, 0.2202054277352052, 0.21648806266158277, 0.20678909281330612, 0.21992806377480498, 0.22589019177624492, 0.22314007924644783, 0.21695474083099617, 0.22321296574006239, 0.2264976290993806]
best_fit=[0.23639595626115648, 0.2398073352144898, 0.2398073352144898, 0.2593340002937415, 0.2593340002937415, 0.2918836271997959, 0.2918836271997959, 0.2918836271997959, 0.2918836271997959, 0.29261844917040813, 0.29261844917040813, 0.29261844917040813, 0.29261844917040813, 0.29261844917040813, 0.29261844917040813]
best_individual=(((d_L - (d_p + d_p)) - (d_len + d_p)) - (d_len + d_p))
evaluation_best=0.23934653551761906
evaluation_manually_designed=0.24398827984857144
ga_execution_time_minutes=127.62295493284861