domain=string
num_generations=15
pop_size=60
p_c=0.9
p_m=0.1
tournament_size=3
elite_size=6
w1=0.6
w2=0.3
w3=0.1
d_max=1
pr_op=0.7
time_out=2
avg_fit=[0.10267433727210203, 0.12860859595123586, 0.16233522394392522, 0.1926009284293583, 0.21671275266183335, 0.21249498341839343, 0.22751437615222675, 0.23126570580870182, 0.23476671159599433, 0.23714400672702377, 0.24240949851276417, 0.22730937681398072, 0.2265330103282381, 0.24353313704534124, 0.2379577178707143]
best_fit=[0.23640451065782314, 0.23640451065782314, 0.23973598050782313, 0.2513262015970748, 0.2556056081237415, 0.2604983230570748, 0.2604983230570748, 0.26055072273374147, 0.26055072273374147, 0.26055072273374147, 0.26055072273374147, 0.2605597493370748, 0.2609828246937415, 0.2609828246937415, 0.2609828246937415]
best_individual=((((((d_p + d_len) + d_len) + d_U) + d_U) + d_U) + d_U)
evaluation_best=0.2585006438233334
evaluation_manually_designed=0.2439866434552381
ga_execution_time_minutes=123.77461775143941