domain=string
num_generations=15
pop_size=60
p_c=0.8
p_m=0.05
tournament_size=3
elite_size=6
w1=0.6
w2=0.3
w3=0.1
d_max=4
pr_op=0.7
time_out=2
avg_fit=[0.0967773280780499, 0.11529791027677438, 0.14981212282760886, 0.17190063704407255, 0.18930426946952647, 0.20519490573571353, 0.22442414171520295, 0.20790118518606615, 0.19563238140914965, 0.2170142178274365, 0.22955405998152, 0.20514211461441836, 0.222346555459562, 0.22430411397172295, 0.22668185487309636]
best_fit=[0.22476314600585034, 0.22476314600585034, 0.25548379327340137, 0.25548379327340137, 0.2896289167129932, 0.2896289167129932, 0.2896289167129932, 0.2896289167129932, 0.29302303056435375, 0.29302303056435375, 0.30622652759523805, 0.3170557887693878, 0.3170557887693878, 0.3170557887693878, 0.3170557887693878]
best_individual=(((((d_len / ((d_U - (m - d_L)) / (d_len + m))) + d_p) + d_p) / ((d_U - (m - d_L)) / (d_len + m))) + (d_len + ((d_U - d_L) * (m + d_len))))
evaluation_best=0.21840840532201466
evaluation_manually_designed=0.24394525640523812
ga_execution_time_minutes=167.12505637407304