domain=string
num_generations=15
pop_size=60
p_c=0.9
p_m=0.16
tournament_size=2
elite_size=6
w1=0.6
w2=0.3
w3=0.1
d_max=2
pr_op=0.7
time_out=2
avg_fit=[0.09891651418833941, 0.11248625559923962, 0.13285823228292895, 0.14564257522941043, 0.15478235483340322, 0.174392293888777, 0.18589857840679516, 0.18471557818903364, 0.18688473764659483, 0.20689254715498376, 0.1900793366165858, 0.18460268097061713, 0.18048217617820936, 0.18787705218935596, 0.20539087381041796]
best_fit=[0.2198496756666667, 0.27372040246714285, 0.27372040246714285, 0.27372040246714285, 0.27372040246714285, 0.27372040246714285, 0.27372040246714285, 0.27372040246714285, 0.27372040246714285, 0.27984318791, 0.28054405032380947, 0.28054405032380947, 0.28054405032380947, 0.28054405032380947, 0.28054405032380947]
best_individual=((((d_p - d_len) + (d_p * d_len)) - d_len) + (d_p * d_len))
evaluation_best=0.2630313544457143
evaluation_manually_designed=0.2439745675552381
ga_execution_time_minutes=94.1161180059115