domain=string
num_generations=15
pop_size=60
p_c=0.8
p_m=0.2
tournament_size=3
elite_size=6
w1=0.6
w2=0.3
w3=0.1
d_max=4
pr_op=0.7
time_out=2
avg_fit=[0.08712891930182654, 0.12695065975739003, 0.15445681896788133, 0.17704865307469878, 0.18001994618458958, 0.19928126171677893, 0.21608035446797846, 0.2351016432519482, 0.22624139137651245, 0.2357182512743496, 0.23335795700348752, 0.2591620855534388, 0.25980140218390135, 0.25378883364589117, 0.24733977489229325]
best_fit=[0.2440285819419728, 0.24689994553571432, 0.2614933445466667, 0.2614933445466667, 0.2824882859370748, 0.2824882859370748, 0.2915448990437415, 0.29192060869040815, 0.29192060869040815, 0.29192060869040815, 0.29844968304863945, 0.29844968304863945, 0.29844968304863945, 0.2985726315653061, 0.2985726315653061]
best_individual=(((d_len * ((d_U / m) - (((m - (m + d_len)) * (((d_p - d_U) + (d_p - d_len)) + ((d_U / m) + d_p))) + d_p))) + (d_p - d_len)) + d_len)
evaluation_best=0.1839760661673993
evaluation_manually_designed=0.2439632568619048
ga_execution_time_minutes=167.05187188784282