domain=string
num_generations=15
pop_size=60
p_c=0.8
p_m=0.05
tournament_size=3
elite_size=6
w1=0.6
w2=0.3
w3=0.1
d_max=4
pr_op=0.9
time_out=2
avg_fit=[0.08865953231575623, 0.10654244823701023, 0.1396203970751659, 0.1737333280534864, 0.19178051419608427, 0.21258139985788777, 0.22858074577183224, 0.22174129929206918, 0.20226809670773657, 0.2165958246015416, 0.23760349311953174, 0.2530133915730397, 0.2647075731782687, 0.2546972486059796, 0.24771745007052046]
best_fit=[0.26399001987251697, 0.26399001987251697, 0.26399001987251697, 0.2838271119167347, 0.28521283326265306, 0.29147064899299324, 0.3156732764842857, 0.3371337108214285, 0.3371337108214285, 0.33859642813, 0.33859642813, 0.33902158283333333, 0.33902158283333333, 0.33902158283333333, 0.33902158283333333]
best_individual=((d_p * d_len) + (((d_p + ((d_U + d_p) / (d_p / d_len))) + d_p) / (d_p / d_len)))
evaluation_best=0.24299762449476192
evaluation_manually_designed=0.24295422488857144
ga_execution_time_minutes=188.18811730941135