domain=string
num_generations=15
pop_size=60
p_c=0.9
p_m=0.1
tournament_size=3
elite_size=6
w1=0.6
w2=0.3
w3=0.1
d_max=2
pr_op=0.7
time_out=2
avg_fit=[0.09670105428756236, 0.1352004078513821, 0.1535970442294898, 0.17791811128478685, 0.1890371885092604, 0.19210413244378458, 0.2234104167054717, 0.213614336112887, 0.18740519890475396, 0.22456644415028454, 0.1997309588626708, 0.22603298137153324, 0.23507773794127101, 0.19870768963160432, 0.22135412512989908]
best_fit=[0.2593005717937415, 0.2914802549844898, 0.2914802549844898, 0.2914802549844898, 0.2914802549844898, 0.2914802549844898, 0.2918773546997959, 0.2918773546997959, 0.2918773546997959, 0.29239236382707484, 0.29239236382707484, 0.29239236382707484, 0.29239236382707484, 0.29239236382707484, 0.29265482096707485]
best_individual=(((d_L - d_p) - d_p) - ((d_len + d_p) + d_len))
evaluation_best=0.23938975404428572
evaluation_manually_designed=0.24396709462857144
ga_execution_time_minutes=117.14742092688878