domain=string
num_generations=15
pop_size=60
p_c=0.8
p_m=0.05
tournament_size=3
elite_size=6
w1=0.6
w2=0.3
w3=0.1
d_max=4
pr_op=0.8
time_out=2
avg_fit=[0.08669225340179364, 0.12426798033431558, 0.14501246117823888, 0.17238533068241343, 0.17879110417164623, 0.18237313032504385, 0.18348627305455859, 0.18902117916887187, 0.19611979260558282, 0.20269813154490776, 0.22644305640907522, 0.19393087281766103, 0.2001544907730578, 0.21427934482692967, 0.2091768446277887]
best_fit=[0.21788471298666667, 0.2351189562744898, 0.2351189562744898, 0.2351189562744898, 0.2351189562744898, 0.2351189562744898, 0.2351189562744898, 0.23698076983782312, 0.2873675689126531, 0.2927776534282993, 0.2927776534282993, 0.2927776534282993, 0.2927776534282993, 0.2927776534282993, 0.2927776534282993]
best_individual=((((d_len - d_p) + (d_L / d_len)) - ((d_len / (((d_len - d_p) + (d_L / d_len)) - ((m / d_len) / d_L))) / d_L)) - (d_p + d_len))
evaluation_best=0.2570726915466667
evaluation_manually_designed=0.24296931412523812
ga_execution_time_minutes=156.04351176023482