domain=string
num_generations=15
pop_size=60
p_c=0.8
p_m=0.01
tournament_size=3
elite_size=6
w1=0.6
w2=0.3
w3=0.1
d_max=4
pr_op=0.7
time_out=2
avg_fit=[0.09157547666447355, 0.11146982737054233, 0.14966782324186134, 0.17440761737584012, 0.17301485465242558, 0.1928266564320193, 0.20940173880675886, 0.20799551637462813, 0.22614582167452682, 0.22319544297330535, 0.25007204978773845, 0.24013385000909865, 0.27038472977901773, 0.27701691942429135, 0.28597194453131514]
best_fit=[0.20769123773174605, 0.23340272950619048, 0.24694304773238096, 0.24694304773238096, 0.2826242504921769, 0.28360894972081635, 0.28719458209843535, 0.30822647544190473, 0.30822647544190473, 0.3461918496814286, 0.3510454885014286, 0.3510454885014286, 0.3510454885014286, 0.3512237048447619, 0.3514535081180952]
best_individual=(((d_len * (((d_len * ((d_len * m) * ((m / (m / m)) - (((m - m) * d_L) * ((d_L / d_L) - (d_L - d_p)))))) * d_L) + (d_p + m))) * (((d_len * ((d_len * m) * ((m / (m / m)) - (((m - m) * d_L) * ((d_L / d_L) - (d_L - d_p)))))) * d_L) + ((d_p + m) + m))) + ((d_len * ((d_len * d_len) + (m + m))) + (((d_U - m) * d_p) - (d_U * (((m * m) - d_U) - ((d_U - d_len) / ((d_U - m) * d_p)))))))
evaluation_best=0.26981836309190477
evaluation_manually_designed=0.24397595173523812
ga_execution_time_minutes=186.4818584124247