domain=string
num_generations=20
pop_size=60
p_c=0.9
p_m=0.1
tournament_size=3
elite_size=6
w1=0.6
w2=0.3
w3=0.1
d_max=4
pr_op=0.7
time_out=2
avg_fit=[0.09752005767414551, 0.11970787023589419, 0.15012597366691535, 0.186697779771873, 0.19510449160953286, 0.1978021297768651, 0.2179306406126459, 0.24324017950557633, 0.27390115249523767, 0.2567527098388069, 0.2780506162586908, 0.25912224595225625, 0.2713725249477086, 0.28885648141934694, 0.2815879120299101, 0.3122995654971021, 0.30085345091408017, 0.3130309074952722, 0.30057006157459826, 0.3064406372285888]
best_fit=[0.23662835598238097, 0.26073425202190476, 0.26073425202190476, 0.2914827272911565, 0.29511892457047617, 0.3398427142166667, 0.33984343808666667, 0.33984343808666667, 0.33984911522666666, 0.33985036139333336, 0.33985058492, 0.33985058492, 0.35070400632047616, 0.3517337630895238, 0.3517337630895238, 0.3517337630895238, 0.3517337630895238, 0.3517337630895238, 0.3517337630895238, 0.3517337630895238]
best_individual=(((((d_len + (d_U * (d_U / ((d_L + d_p) - d_p)))) + (d_len + (d_p - d_L))) + (d_U * (d_U / ((d_L + d_p) - d_p)))) + (d_len + (d_p - d_L))) + d_p)
evaluation_best=0.23847375562095238
evaluation_manually_designed=0.24397990707523812
ga_execution_time_minutes=242.34075142939886