domain=string
num_generations=15
pop_size=60
p_c=0.9
p_m=0.1
tournament_size=2
elite_size=6
w1=0.6
w2=0.3
w3=0.1
d_max=2
pr_op=0.7
time_out=2
avg_fit=[0.0985871518015, 0.11256085274078041, 0.14020130634925734, 0.1671508594436126, 0.17539330595939306, 0.1768113085589248, 0.17992161179299362, 0.2006808904365355, 0.21094776207819843, 0.21215023542131675, 0.21184800838705783, 0.2065162595667362, 0.21433700984511111, 0.21974976025576343, 0.23340610036684203]
best_fit=[0.22679333820380954, 0.22679333820380954, 0.23663472331238095, 0.2613735893233333, 0.2613735893233333, 0.2613735893233333, 0.2613735893233333, 0.2613735893233333, 0.2613735893233333, 0.2924290212870748, 0.2924290212870748, 0.2924290212870748, 0.2924290212870748, 0.2924290212870748, 0.2924290212870748]
best_individual=((d_p + (d_len - d_L)) + ((d_p * (d_U + (m / d_p))) + d_len))
evaluation_best=0.2391468784509524
evaluation_manually_designed=0.24399640259190478
ga_execution_time_minutes=133.97604720195133