domain=string
num_generations=15
pop_size=60
p_c=0.7
p_m=0.05
tournament_size=3
elite_size=6
w1=0.6
w2=0.3
w3=0.1
d_max=3
pr_op=0.7
time_out=2
avg_fit=[0.09343444135696334, 0.12680134517200303, 0.1408844129944263, 0.16110730934012324, 0.17449862074376005, 0.18873230403355895, 0.1892360056296602, 0.19845930007008541, 0.1945929643341905, 0.21588728331341347, 0.24275447303171957, 0.23123277676151244, 0.2614031984787272, 0.28908813816706613, 0.2772407170429218]
best_fit=[0.2518688993204762, 0.2582662524394558, 0.2582662524394558, 0.2582662524394558, 0.2798020988366667, 0.29337675717809525, 0.29337675717809525, 0.2964125837880952, 0.2964125837880952, 0.32125884326142856, 0.32125884326142856, 0.3874880081209524, 0.38776577821761904, 0.38776577821761904, 0.38776577821761904]
best_individual=(((((((m + d_U) * (m + d_U)) * ((d_len / m) + d_len)) + ((d_p + d_L) - (d_U - (d_p - d_len)))) * (m + d_U)) * (((m + d_U) / m) + d_len)) + (d_len + d_p))
evaluation_best=0.2856438144642424
evaluation_manually_designed=0.24295364973190478
ga_execution_time_minutes=169.96824695269268