domain=string
num_generations=15
pop_size=60
p_c=0.9
p_m=0.1
tournament_size=3
elite_size=6
w1=0.6
w2=0.3
w3=0.1
d_max=4
pr_op=0.7
time_out=2
avg_fit=[0.09970106155759675, 0.12952569301155858, 0.16203910137586996, 0.1874096100270454, 0.1884172760686232, 0.20813965251674868, 0.20036602416533827, 0.20850470233782653, 0.21916149821446299, 0.20780956670298492, 0.24064115208845688, 0.2571517637832132, 0.240652273483531, 0.22518916457704874, 0.24847661044045238]
best_fit=[0.2345133422352381, 0.2345133422352381, 0.27879129208061226, 0.27879129208061226, 0.27879129208061226, 0.2823613598597279, 0.2890207874032653, 0.31832686468809523, 0.3261727628009524, 0.3261727628009524, 0.3261727628009524, 0.32660149565761903, 0.32660149565761903, 0.32776427203523806, 0.32776427203523806]
best_individual=((((d_U * (d_U / d_p)) + (d_U - d_len)) + ((d_U - d_len) - (d_p + d_U))) - (((d_p / ((m / d_p) - (m - d_L))) + d_len) + ((d_p * d_len) / (d_U / d_p))))
evaluation_best=0.24665212370428571
evaluation_manually_designed=0.24400122423857146
ga_execution_time_minutes=191.22159082889556