domain=robot
num_generations=15
pop_size=60
p_c=0.9
p_m=0.08
tournament_size=3
elite_size=6
w1=0.9
w2=0
w3=0.1
d_max=2
pr_op=0.7
time_out=1
avg_fit=[0.09188119852273333, 0.12332254489726667, 0.17578852299696665, 0.22952950105993336, 0.36049464753806665, 0.45017691680839994, 0.5285897683580999, 0.6987036833026335, 0.6301207174418667, 0.6609745086347668, 0.7357035499272999, 0.7310108653587001, 0.7276533287823, 0.7056901412239001, 0.8215336476828665]
best_fit=[0.721962986016, 0.721962986016, 0.721962986016, 0.721962986016, 0.8662555173240001, 0.942648018118, 0.942909099772, 0.9588218459660001, 0.9588218459660001, 0.960343508896, 0.960343508896, 0.960343508896, 0.960685498386, 0.960699868256, 0.960699868256]
best_individual=(((d(r, b) + d(b*, r*)) * (d(r, r*) + d(b, b*))) + ((d(b*, r*) * ((d(r, b) + d(b*, r*)) * d(b, b*))) + (d(b, b*) + d(b, b*))))
evaluation_best=0.9467762916557143
evaluation_manually_designed=0.9483862008257143
ga_execution_time_minutes=54.37236723502477