domain=robot
num_generations=15
pop_size=60
p_c=0.5
p_m=0.08
tournament_size=3
elite_size=6
w1=0.9
w2=0
w3=0.1
d_max=2
pr_op=0.7
time_out=1
avg_fit=[0.08957613856873334, 0.12151835838623333, 0.1371714667027, 0.1536650313889333, 0.16134171200150005, 0.1679413276035667, 0.16629123760183337, 0.15632829961300002, 0.16222599650933336, 0.16993957707686672, 0.1694962741889, 0.16627921377193336, 0.15688433512576663, 0.17601369998040006, 0.17091210522983336]
best_fit=[0.175321240398, 0.175321240398, 0.175321240398, 0.175321240398, 0.175321240398, 0.18088984852200002, 0.18088984852200002, 0.18088984852200002, 0.181073358492, 0.18119642853200002, 0.18119642853200002, 0.181206181952, 0.18245533046600002, 0.18245533046600002, 0.18245533046600002]
best_individual=((((d(b, b*) - d(r, r*)) * (d(r, r*) / d(b*, r*))) - d(r, r*)) * (d(r, r*) / d(r, r*)))
evaluation_best=0.17821478542228575
evaluation_manually_designed=0.9483399794137143
ga_execution_time_minutes=15.355036763350169