domain=robot
num_generations=15
pop_size=60
p_c=0.6
p_m=0.08
tournament_size=3
elite_size=6
w1=0.9
w2=0
w3=0.1
d_max=2
pr_op=0.7
time_out=1
avg_fit=[0.09876947390890002, 0.1529761314344333, 0.20664688705186665, 0.2787497592253, 0.5068040196237333, 0.6744674892735667, 0.7086086624636, 0.7063601165181334, 0.7036674681855999, 0.7278620551316333, 0.6446715049108, 0.6966310557250334, 0.7244091627682, 0.7366751105537332, 0.6215522331997667]
best_fit=[0.81605786636, 0.81605786636, 0.81605786636, 0.839904844064, 0.8671069665360001, 0.8671069665360001, 0.8671069665360001, 0.8671069665360001, 0.8671069665360001, 0.8671069665360001, 0.8671069665360001, 0.8671069665360001, 0.8671069665360001, 0.8671069665360001, 0.8671069665360001]
best_individual=(d(r, r*) + (d(b, b*) + d(b, b*)))
evaluation_best=0.8675892679968571
evaluation_manually_designed=0.9483950223877143
ga_execution_time_minutes=32.55740914344788