domain=robot
num_generations=15
pop_size=60
p_c=0.7
p_m=0.08
tournament_size=3
elite_size=6
w1=0.9
w2=0
w3=0.1
d_max=2
pr_op=0.7
time_out=1
avg_fit=[0.09715015968296666, 0.16690624352853334, 0.2458661524213, 0.36106960381380004, 0.364216649886, 0.5247875311107001, 0.6437133818366001, 0.7135684771309335, 0.6709367526634, 0.7540201638312001, 0.7381773122852, 0.7945056180485667, 0.7245056638899, 0.7445287755767332, 0.7662880379137]
best_fit=[0.8640797717740001, 0.8640797717740001, 0.8640797717740001, 0.86722289221, 0.8810359286660001, 0.8810359286660001, 0.8813785878120001, 0.8868623832620001, 0.8868623832620001, 0.8868623832620001, 0.8868623832620001, 0.8868623832620001, 0.8868623832620001, 0.8868623832620001, 0.8868623832620001]
best_individual=((d(r, r*) + (d(b, b*) + d(b, b*))) + ((d(b, b*) * d(r, b*)) * d(r, b*)))
evaluation_best=0.8472320676242857
evaluation_manually_designed=0.9484031770677144
ga_execution_time_minutes=45.516177320480345