domain=robot
num_generations=15
pop_size=60
p_c=0.8
p_m=0.08
tournament_size=3
elite_size=6
w1=0.9
w2=0
w3=0.1
d_max=2
pr_op=0.7
time_out=1
avg_fit=[0.10209300328253335, 0.14184668865806668, 0.20532915999643334, 0.2570110511279334, 0.3315356981436668, 0.4594728097066334, 0.44116571480149996, 0.45748677640749996, 0.5271430295680334, 0.5319040183786, 0.5525659310176999, 0.6067513827719, 0.5657667864915334, 0.5999659619633666, 0.6663443737344333]
best_fit=[0.5470212277820001, 0.5470212277820001, 0.7638594027840001, 0.885163415082, 0.956375817734, 0.956375817734, 0.956375817734, 0.9587440191459999, 0.959693297344, 0.959693297344, 0.959693297344, 0.959693297344, 0.96047936832, 0.96047936832, 0.96047936832]
best_individual=((d(b, b*) + (d(b, b*) + d(r, r*))) / (((d(b*, r*) - d(r, b)) + (d(b, b*) + d(r, r*))) / d(b, b*)))
evaluation_best=0.9465476437617143
evaluation_manually_designed=0.9484173173737143
ga_execution_time_minutes=64.5079032977422