domain=robot
num_generations=15
pop_size=60
p_c=0.8
p_m=0.08
tournament_size=3
elite_size=6
w1=0.9
w2=0
w3=0.1
d_max=2
pr_op=0.7
time_out=1
avg_fit=[0.11108037153230002, 0.14411797889883332, 0.21520795652610003, 0.3210510028574, 0.37783900015893335, 0.4741388434260666, 0.5283094576819001, 0.6165452337980001, 0.7168551489180668, 0.6984689637854667, 0.7325864229113334, 0.6694086749000333, 0.6664930142299667, 0.6141837027678, 0.6377947532399666]
best_fit=[0.6576062716659999, 0.6576062716659999, 0.6576062716659999, 0.8671949238800001, 0.8671949238800001, 0.8671949238800001, 0.880132474722, 0.8927659501520001, 0.8927659501520001, 0.8931001601140001, 0.899269921214, 0.899269921214, 0.899269921214, 0.899269921214, 0.899269921214]
best_individual=(((d(b, b*) + d(r, r*)) + d(b, b*)) * (((d(b, b*) + d(r, r*)) + (d(r, r*) / d(r, r*))) / d(r, r*)))
evaluation_best=0.8477915074097143
evaluation_manually_designed=0.9481018354217143
ga_execution_time_minutes=57.9321485320727