domain=robot
num_generations=15
pop_size=60
p_c=0.8
p_m=0.08
tournament_size=3
elite_size=6
w1=0.9
w2=0
w3=0.1
d_max=2
pr_op=0.7
time_out=1
avg_fit=[0.12591399203196665, 0.1745517309054, 0.2592989989680667, 0.4817789516839, 0.5136017187411, 0.6260394575580001, 0.6110945681369666, 0.6645047947494999, 0.6312855782945999, 0.5622014592932, 0.6436066227112, 0.6597308130060332, 0.6242416802622, 0.6623563763540333, 0.6570622702330666]
best_fit=[0.867167491252, 0.867167491252, 0.867167491252, 0.867167491252, 0.867167491252, 0.867167491252, 0.867167491252, 0.867167491252, 0.867167491252, 0.867167491252, 0.867167491252, 0.867167491252, 0.867167491252, 0.867167491252, 0.867167491252]
best_individual=((d(b, b*) + d(b, b*)) + d(r, r*))
evaluation_best=0.8677754259228572
evaluation_manually_designed=0.9484454183517144
ga_execution_time_minutes=37.0238973180453