domain=robot
num_generations=15
pop_size=60
p_c=0.8
p_m=0.08
tournament_size=3
elite_size=6
w1=0.9
w2=0
w3=0.1
d_max=2
pr_op=0.7
time_out=1
avg_fit=[0.09267117362310001, 0.12812799185906668, 0.1805883801307333, 0.24151358884739998, 0.3143964273683001, 0.38608721719960004, 0.4081934673592667, 0.42732644082713345, 0.4128202785190334, 0.4803213099633334, 0.5448450744841, 0.5596193203740334, 0.6432554549506335, 0.6539194108467669, 0.6797948170397334]
best_fit=[0.267167182258, 0.267167182258, 0.700474830184, 0.700474830184, 0.700474830184, 0.8666614243740001, 0.8666614243740001, 0.8666614243740001, 0.8666614243740001, 0.8666614243740001, 0.8666614243740001, 0.8666614243740001, 0.866667663796, 0.866667663796, 0.866667663796]
best_individual=((d(b, b*) + d(r, r*)) + d(b, b*))
evaluation_best=0.8643026451574286
evaluation_manually_designed=0.9481838189137143
ga_execution_time_minutes=49.40845260620117