domain=robot
num_generations=15
pop_size=60
p_c=0.8
p_m=0.08
tournament_size=3
elite_size=6
w1=0.9
w2=0
w3=0.1
d_max=2
pr_op=0.7
time_out=1
avg_fit=[0.09394940921710002, 0.12220995820286666, 0.1458474568287334, 0.17959474169633335, 0.22575169378486665, 0.3099973115565, 0.4060293273940667, 0.4375051710847, 0.6395328386728668, 0.6743869581885, 0.7052671901266332, 0.6398665646881667, 0.7238355102260332, 0.7452227655104668, 0.7441335900103334]
best_fit=[0.26150331062200005, 0.26150331062200005, 0.408807906178, 0.6261830351000001, 0.6261830351000001, 0.866675719308, 0.866694765998, 0.960825927196, 0.960825927196, 0.960825927196, 0.961073563558, 0.96122561056, 0.96122561056, 0.96122561056, 0.96122561056]
best_individual=(d(b, b*) + ((d(b, b*) * d(r, b)) + (d(b, b*) + d(r, r*))))
evaluation_best=0.9470703429777143
evaluation_manually_designed=0.9482202787997143
ga_execution_time_minutes=36.03382829825083