domain=robot
num_generations=15
pop_size=60
p_c=0.8
p_m=0.08
tournament_size=4
elite_size=6
w1=0.9
w2=0
w3=0.1
d_max=2
pr_op=0.7
time_out=1
avg_fit=[0.1120536534641, 0.19738016654083337, 0.3338459344902333, 0.5114205829203999, 0.6319314823811667, 0.6658307408365333, 0.6355704964800334, 0.7013910132286999, 0.6429775961146335, 0.6282430394617999, 0.6492523968856667, 0.6520385758474334, 0.6889277831276668, 0.6784258588474, 0.5903207445499999]
best_fit=[0.6325953798320001, 0.6325953798320001, 0.866768375356, 0.8672187471520001, 0.8672187471520001, 0.8672187471520001, 0.8672187471520001, 0.8672187471520001, 0.8672187471520001, 0.8672187471520001, 0.8672187471520001, 0.8672187471520001, 0.8672187471520001, 0.8672187471520001, 0.8672187471520001]
best_individual=(d(b, b*) + (d(b, b*) + d(r, r*)))
evaluation_best=0.8675630163568572
evaluation_manually_designed=0.9483818096697143
ga_execution_time_minutes=42.92067708969116