domain=robot
num_generations=30
pop_size=60
p_c=0.8
p_m=0.08
tournament_size=2
elite_size=6
w1=0.9
w2=0
w3=0.1
d_max=4
pr_op=0.9
time_out=1
avg_fit=[0.07138798468360001, 0.08773219655333332, 0.1109995079605, 0.12125263104430001, 0.1498655401813667, 0.15789356077723335, 0.1641617413117667, 0.18057394846263333, 0.2444830342130667, 0.28932016472293337, 0.29970715200816667, 0.34339584422986663, 0.39940565594673333, 0.4613169795927667, 0.4673497404118333, 0.5096577957072, 0.6045458732048333, 0.5535958616822333, 0.6265338212743999, 0.6413976054148331, 0.5798596391846333, 0.5803589573422, 0.6176941358399334, 0.6678959122231666, 0.7187937751828332, 0.5939450031431333, 0.5739679726313999, 0.5697453163840668, 0.6104953010631333, 0.7416633684375668]
best_fit=[0.188155397758, 0.188155397758, 0.22389050499600005, 0.3604531581, 0.3604531581, 0.3604531581, 0.594511010554, 0.810482468516, 0.810482468516, 0.810482468516, 0.86435118934, 0.86435118934, 0.86435118934, 0.914496255674, 0.9158181093919999, 0.9158181093919999, 0.9158181093919999, 0.9158181093919999, 0.9337457490659999, 0.93487600756, 0.93487600756, 0.93487600756, 0.93487600756, 0.93487600756, 0.935363120064, 0.935363120064, 0.935363120064, 0.935363120064, 0.935363120064, 0.936498200742]
best_individual=(d(b*, r*) * (((d(b, b*) + d(b, b*)) + ((d(b, b*) + d(b, b*)) + d(r, r*))) / ((d(b*, r*) + d(r, r*)) + d(r, r*))))
evaluation_best=0.78767571576
evaluation_manually_designed=0.949961053238
ga_execution_time_minutes=56.125098288059235