domain=robot
num_generations=30
pop_size=60
p_c=0.8
p_m=0.08
tournament_size=2
elite_size=6
w1=0.9
w2=0
w3=0.1
d_max=4
pr_op=0.7
time_out=1
avg_fit=[0.08080409553550003, 0.11843337742463333, 0.13518079475306666, 0.14992089484766666, 0.1943481038068001, 0.2246516287646667, 0.2546634942354, 0.28916553639966674, 0.37566951779390007, 0.40229763578950006, 0.5163125184908001, 0.5266617985148667, 0.5498187460051334, 0.5656676473921, 0.6304575255901668, 0.6964609691492, 0.6735931172348, 0.6296034427025335, 0.5928287536462001, 0.6095233480573334, 0.6020626177144334, 0.6882777275006002, 0.6152577052552999, 0.673274498912, 0.6345726457730335, 0.6253141861272001, 0.6139744386770668, 0.6365030015640668, 0.6152787404108, 0.6396233338748668]
best_fit=[0.22189770878600004, 0.6307391972060001, 0.6307391972060001, 0.6665681506900001, 0.6665681506900001, 0.6665681506900001, 0.6665681506900001, 0.8613942375760001, 0.8613942375760001, 0.8613942375760001, 0.861547436304, 0.861547436304, 0.861547436304, 0.861547436304, 0.861547436304, 0.861547436304, 0.861547436304, 0.861547436304, 0.861547436304, 0.861547436304, 0.861547436304, 0.861547436304, 0.861547436304, 0.861547436304, 0.861547436304, 0.861547436304, 0.861547436304, 0.861547436304, 0.861547436304, 0.861547436304]
best_individual=((d(b, b*) + d(b, b*)) + d(r, r*))
evaluation_best=0.86400614823
evaluation_manually_designed=0.949998030478
ga_execution_time_minutes=24.37619996468226