domain=robot
num_generations=30
pop_size=60
p_c=0.8
p_m=0.08
tournament_size=2
elite_size=6
w1=0.9
w2=0
w3=0.1
d_max=4
pr_op=0.5
time_out=1
avg_fit=[0.08963227267360001, 0.11268365219133335, 0.12555570602276667, 0.1383169874231, 0.16849413102063335, 0.1531201435148, 0.16183491898520003, 0.1921720956222667, 0.18464095285573337, 0.21022804907250003, 0.219399194836, 0.19910241034713336, 0.22371946965006667, 0.25569869342830004, 0.2767177295425667, 0.25267957517126666, 0.28857370866689996, 0.25108693930283327, 0.3404607392857001, 0.3039231654035, 0.3296362836678666, 0.3753214993185666, 0.4325878258378333, 0.4620112090140666, 0.4608826364417332, 0.46063844568966666, 0.3735487934626333, 0.38595264300630006, 0.47091561434273327, 0.4790427854024]
best_fit=[0.29990182620600003, 0.5932800924180001, 0.5932800924180001, 0.5932800924180001, 0.5932800924180001, 0.5932800924180001, 0.5932800924180001, 0.5932800924180001, 0.5932800924180001, 0.5932800924180001, 0.6126982048980001, 0.823307625408, 0.823307625408, 0.823307625408, 0.823307625408, 0.823307625408, 0.823307625408, 0.823307625408, 0.823307625408, 0.823307625408, 0.823307625408, 0.823307625408, 0.823307625408, 0.823307625408, 0.823307625408, 0.823307625408, 0.823307625408, 0.823307625408, 0.823307625408, 0.8606674404460001]
best_individual=(((((((d(r, r*) * d(r, b)) - d(b*, r*)) + d(r, b*)) - ((d(r, b) - d(r, r*)) - ((d(b, b*) + d(b*, r*)) - d(r, r*)))) - d(b*, r*)) + ((d(b, b*) + d(r, b*)) - ((d(r, b) - d(r, r*)) - d(b*, r*)))) - ((d(r, b) - d(r, r*)) - d(b*, r*)))
evaluation_best=0.853605311788
evaluation_manually_designed=0.949799193604
ga_execution_time_minutes=41.45400815804799