domain=robot
num_generations=20
pop_size=60
p_c=0.8
p_m=0.08
tournament_size=3
elite_size=6
w1=0.9
w2=0
w3=0.1
d_max=2
pr_op=0.7
time_out=1
avg_fit=[0.09807412388476668, 0.12852003274733334, 0.1824143519312334, 0.23618600934963335, 0.27479218364856667, 0.2797869364912, 0.3329161071295667, 0.34006851796043336, 0.3309001679302, 0.3819947659689001, 0.5210777795195667, 0.5020031467958, 0.40304770581556665, 0.5617431278999999, 0.4983204682010333, 0.5914499073171332, 0.5084064114225, 0.4574402037465334, 0.4784104570400334, 0.5549327841768666]
best_fit=[0.5459635126020002, 0.625880104346, 0.625880104346, 0.72770968141, 0.83411240808, 0.83411240808, 0.83411240808, 0.83411240808, 0.83411240808, 0.83411240808, 0.873235089366, 0.873235089366, 0.873235089366, 0.873235089366, 0.873235089366, 0.895192141962, 0.895192141962, 0.8954972292800001, 0.8954972292800001, 0.8954972292800001]
best_individual=(d(b, b*) + ((d(b, b*) + d(r, r*)) / ((d(b, b*) + d(r, r*)) / d(b, b*))))
evaluation_best=0.8623403282134285
evaluation_manually_designed=0.9484815895737143
ga_execution_time_minutes=98.22929343779882