domain=robot
num_generations=15
pop_size=60
p_c=0.9
p_m=0.05
tournament_size=3
elite_size=6
w1=0.9
w2=0
w3=0.1
d_max=2
pr_op=0.7
time_out=1
avg_fit=[0.09390735125436668, 0.12309919992773335, 0.15569010750246665, 0.208870062622, 0.33960742915049996, 0.3945311340720667, 0.3820654243848333, 0.4396419016446333, 0.2922174353357, 0.44686910903706667, 0.3647416596796333, 0.38968799878836663, 0.3741833736830666, 0.4122836163578667, 0.4599401915234667]
best_fit=[0.181181951098, 0.813917376782, 0.813917376782, 0.813917376782, 0.818848554888, 0.818848554888, 0.818848554888, 0.818848554888, 0.818848554888, 0.818848554888, 0.818848554888, 0.818848554888, 0.818848554888, 0.818848554888, 0.818848554888]
best_individual=(d(r, r*) / (((d(r, r*) / d(b, b*)) / d(b, b*)) / d(b, b*)))
evaluation_best=0.7689227352022857
evaluation_manually_designed=0.9446681732917144
ga_execution_time_minutes=35.330739537874855