domain=robot
num_generations=15
pop_size=60
p_c=0.9
p_m=0.01
tournament_size=3
elite_size=6
w1=0.9
w2=0
w3=0.1
d_max=2
pr_op=0.7
time_out=1
avg_fit=[0.09020357465180001, 0.10904508174636668, 0.1227770460966, 0.15175036058400002, 0.1641439809254333, 0.2165769442695667, 0.25077913397499996, 0.3438216755587334, 0.3859984070454, 0.4823780389568001, 0.5091118786641, 0.5716817291845668, 0.5692717768644334, 0.5888918768723335, 0.5859681857106002]
best_fit=[0.165005588998, 0.165005588998, 0.210471243102, 0.570530288182, 0.570530288182, 0.6597677608340001, 0.774116147748, 0.774116147748, 0.774116147748, 0.774116147748, 0.774116147748, 0.774116147748, 0.774116147748, 0.774116147748, 0.774116147748]
best_individual=(d(b, b*) + (d(b, b*) + d(r, r*)))
evaluation_best=0.779642628298
evaluation_manually_designed=0.9448138679577143
ga_execution_time_minutes=43.700218216578165