domain=robot
num_generations=15
pop_size=60
p_c=0.9
p_m=0.16
tournament_size=3
elite_size=6
w1=0.9
w2=0
w3=0.1
d_max=2
pr_op=0.7
time_out=1
avg_fit=[0.09695883208660001, 0.1215826022732667, 0.1476555034381667, 0.21495318147456668, 0.2829503955268, 0.3018795819962333, 0.46348098381236663, 0.5092233899016334, 0.5285424319122, 0.4878916019489334, 0.5897327731330668, 0.5620000624715668, 0.5421266228469332, 0.6144603743127, 0.6129428133362665]
best_fit=[0.574810782598, 0.574810782598, 0.574810782598, 0.574810782598, 0.7277230690840001, 0.774261647594, 0.774261647594, 0.774261647594, 0.774261647594, 0.784883860442, 0.784883860442, 0.784883860442, 0.784883860442, 0.784883860442, 0.784883860442]
best_individual=(d(b, b*) + (((d(r, r*) + d(b, b*)) + d(r, b*)) * (d(r, r*) + d(b, b*))))
evaluation_best=0.7732923085251429
evaluation_manually_designed=0.9447959214537143
ga_execution_time_minutes=60.13186331192652