domain=robot
num_generations=15
pop_size=60
p_c=0.9
p_m=0.11
tournament_size=3
elite_size=6
w1=0.9
w2=0
w3=0.1
d_max=2
pr_op=0.7
time_out=1
avg_fit=[0.10775298163836668, 0.1446832890403667, 0.2148915870178, 0.3246784663378666, 0.4826554505622667, 0.6150041810535334, 0.6427962649454666, 0.7285777645524335, 0.6936504323415333, 0.7249817060442331, 0.7282440142034667, 0.7111602203017333, 0.7283629214302001, 0.8548230138089666, 0.7458384238037333]
best_fit=[0.867673343766, 0.867673343766, 0.867673343766, 0.956670405362, 0.956869614678, 0.957036988562, 0.957112175398, 0.957112175398, 0.957112175398, 0.957112175398, 0.95717474559, 0.957316219682, 0.957316219682, 0.957316219682, 0.957316219682]
best_individual=(((d(b, b*) + d(r, r*)) + (d(r, b) * d(b, b*))) + d(b, b*))
evaluation_best=0.9430606390097143
evaluation_manually_designed=0.9447645163697143
ga_execution_time_minutes=59.68061493635177