domain=robot
num_generations=15
pop_size=60
p_c=0.8
p_m=0.08
tournament_size=2
elite_size=10
w1=0.9
w2=0
w3=0.1
d_max=2
pr_op=0.7
time_out=1
avg_fit=[0.11258905061576667, 0.17536124102286665, 0.21567382979036667, 0.29686076346980006, 0.35667622224253337, 0.39244254473439993, 0.43378476413190004, 0.5549751167506, 0.5993632548336, 0.6644099138149666, 0.6537623903587665, 0.6766988181886, 0.675963950495, 0.6020832991191332, 0.6651021151390668]
best_fit=[0.84916014181, 0.84916014181, 0.85052573687, 0.85052573687, 0.8649604632760001, 0.8649604632760001, 0.8653398959180001, 0.8653398959180001, 0.8664454665600001, 0.867095274604, 0.867095274604, 0.867095274604, 0.867095274604, 0.867095274604, 0.867095274604]
best_individual=((d(r, r*) + d(b, b*)) + d(b, b*))
evaluation_best=0.8673120711528571
evaluation_manually_designed=0.9483897788597143
ga_execution_time_minutes=49.07811967134476