domain=robot
num_generations=15
pop_size=60
p_c=0.8
p_m=0.08
tournament_size=2
elite_size=16
w1=0.9
w2=0
w3=0.1
d_max=2
pr_op=0.7
time_out=1
avg_fit=[0.10209248686313331, 0.14063389812339996, 0.1958126386338333, 0.24714249152380002, 0.33684479927463334, 0.4341206527202667, 0.4725186743775333, 0.5638258092219, 0.5593699647117334, 0.5977115658762333, 0.6296238159003666, 0.6441144775609666, 0.6782654926230666, 0.6365606409940667, 0.6499864825581001]
best_fit=[0.6385190974799999, 0.6385190974799999, 0.6385190974799999, 0.6385190974799999, 0.8669669936600001, 0.8669669936600001, 0.8669669936600001, 0.8669669936600001, 0.8669669936600001, 0.8721952987520001, 0.9000689318099999, 0.9000689318099999, 0.9000689318099999, 0.9000689318099999, 0.9000689318099999]
best_individual=((d(b, b*) + (d(b, b*) + (d(b, b*) + d(r, r*)))) * ((d(r, r*) + d(b*, r*)) / d(r, r*)))
evaluation_best=0.8446458540542857
evaluation_manually_designed=0.9484199082177143
ga_execution_time_minutes=40.4230469028155