domain=robot
num_generations=15
pop_size=60
p_c=0.8
p_m=0.08
tournament_size=2
elite_size=2
w1=0.9
w2=0
w3=0.1
d_max=2
pr_op=0.7
time_out=1
avg_fit=[0.0872013003018667, 0.10945014494056668, 0.11695093485623335, 0.13613774278659999, 0.15143393377233333, 0.1566553723981, 0.1607442772071667, 0.1476073146904667, 0.153362927744, 0.13319182559896667, 0.14482911020180006, 0.15469431637716669, 0.15545805764290005, 0.15725245856550005, 0.17647983570660003]
best_fit=[0.25016071097, 0.25016071097, 0.25016071097, 0.25016071097, 0.25016071097, 0.25016071097, 0.269516288074, 0.33306281946000005, 0.33479448877400003, 0.33479448877400003, 0.33479448877400003, 0.33479448877400003, 0.33479448877400003, 0.33479448877400003, 0.33479448877400003]
best_individual=((d(b, b*) - ((d(r, b) - d(r, r*)) - d(b*, r*))) - (d(r, b) - d(b*, r*)))
evaluation_best=0.27213620558914287
evaluation_manually_designed=0.9484111269517144
ga_execution_time_minutes=32.90838326613108