domain=robot
num_generations=15
pop_size=60
p_c=0.8
p_m=0.15
tournament_size=2
elite_size=6
w1=0.9
w2=0
w3=0.1
d_max=4
pr_op=0.7
time_out=1
avg_fit=[0.08526243185363334, 0.13347298435966667, 0.15852412112746664, 0.20543931271276666, 0.23409355348656663, 0.2874471082908, 0.33580727445543335, 0.4324969260441001, 0.5601089226430335, 0.6494345199761667, 0.6560716116712999, 0.5676831305985999, 0.6745701302954668, 0.6832188466966668, 0.7186361443349334]
best_fit=[0.687541892656, 0.687541892656, 0.687541892656, 0.861836538432, 0.861836538432, 0.8959760844940001, 0.8959760844940001, 0.8959760844940001, 0.9385749434, 0.960227472236, 0.960227472236, 0.960227472236, 0.960227472236, 0.960227472236, 0.960227472236]
best_individual=(((d(b*, r*) / d(r, r*)) * (d(b*, r*) * d(b, b*))) + d(r, r*))
evaluation_best=0.818291275796
evaluation_manually_designed=0.950155707476
ga_execution_time_minutes=20.62976763645808