domain=robot
num_generations=15
pop_size=60
p_c=0.8
p_m=0.01
tournament_size=2
elite_size=6
w1=0.9
w2=0
w3=0.1
d_max=4
pr_op=0.7
time_out=1
avg_fit=[0.07796198012293334, 0.10932028038716667, 0.12366395596226666, 0.15020825589753334, 0.15565317096686662, 0.1635793171371667, 0.2010278857999, 0.19226065480126672, 0.19460986592943333, 0.21010160714233334, 0.21283902052833337, 0.24122239896886669, 0.26567202243300003, 0.2642672883039333, 0.2939220822913]
best_fit=[0.188762092376, 0.24135638771, 0.277886504192, 0.277886504192, 0.277886504192, 0.277886504192, 0.277886504192, 0.277886504192, 0.4128434257, 0.4128434257, 0.74171898665, 0.74171898665, 0.74171898665, 0.74171898665, 0.74171898665]
best_individual=((((d(r, b) / d(b*, r*)) - (d(r, b*) + d(r, b))) * (d(b, b*) / d(r, b*))) - d(r, r*))
evaluation_best=0.6071941450280001
evaluation_manually_designed=0.949858828176
ga_execution_time_minutes=15.359956641991934