domain=robot
num_generations=15
pop_size=60
p_c=0.8
p_m=0.08
tournament_size=2
elite_size=6
w1=0.9
w2=0
w3=0.1
d_max=2
pr_op=0.7
time_out=1
avg_fit=[0.13261188738893334, 0.17444542623330003, 0.26702890907776666, 0.3023188495449, 0.3011519183205668, 0.4416534174219666, 0.5006721924459333, 0.5602621555518668, 0.5372420744802333, 0.47775357214040004, 0.5668134488725667, 0.49529497956156676, 0.4843772947325, 0.5436829240577666, 0.5379714321246667]
best_fit=[0.6663131861100001, 0.940636380658, 0.940636380658, 0.940636380658, 0.940636380658, 0.940636380658, 0.964373976006, 0.964373976006, 0.964514074488, 0.964514074488, 0.964514074488, 0.964514074488, 0.964514074488, 0.964514074488, 0.964514074488]
best_individual=((((d(r, r*) + d(b, b*)) / d(b*, r*)) + d(b, b*)) / (d(r, r*) - d(r, b)))
evaluation_best=0.8898647878700001
evaluation_manually_designed=0.9500924781119999
ga_execution_time_minutes=26.509524099032085