domain=robot
num_generations=15
pop_size=60
p_c=0.8
p_m=0.08
tournament_size=2
elite_size=6
w1=0.9
w2=0
w3=0.1
d_max=5
pr_op=0.7
time_out=1
avg_fit=[0.11242385224126668, 0.14648155271716665, 0.1988371192089334, 0.23791382789130003, 0.2449462219765334, 0.26969517884513344, 0.3519051217699001, 0.42521934223306673, 0.4778650960146667, 0.5866412957355001, 0.5945613052054333, 0.5876093554424668, 0.5614451741571667, 0.6847045698209668, 0.6609818464800999]
best_fit=[0.480831139878, 0.480831139878, 0.6669305861040001, 0.6670021440600001, 0.6670021440600001, 0.8617342909500001, 0.8617342909500001, 0.8617456308120001, 0.8617456308120001, 0.8617456308120001, 0.876082184768, 0.876082184768, 0.876082184768, 0.876082184768, 0.876082184768]
best_individual=(((d(r, r*) + d(b, b*)) + d(b, b*)) + ((d(r, r*) + d(b, b*)) + (d(r, r*) + ((d(b, b*) * d(r, b*)) + (d(r, b*) - d(b*, r*))))))
evaluation_best=0.831605196042
evaluation_manually_designed=0.950095826154
ga_execution_time_minutes=24.55412642558416