domain=robot
num_generations=15
pop_size=60
p_c=0.8
p_m=0.08
tournament_size=2
elite_size=6
w1=0.9
w2=0
w3=0.1
d_max=3
pr_op=0.7
time_out=1
avg_fit=[0.08246008647893333, 0.11132141182320003, 0.12001397317590001, 0.13621694176446666, 0.15185407281363336, 0.1604920936226667, 0.1825419977123, 0.17649123641970005, 0.18998091842189999, 0.24607935118526666, 0.24887883521033338, 0.2707484347020334, 0.28368603150086674, 0.3042964679856668, 0.3680923702421]
best_fit=[0.188943438056, 0.206026280206, 0.206026280206, 0.22402685032400005, 0.22402685032400005, 0.31991391167600003, 0.340445451422, 0.340445451422, 0.52234510423, 0.5698283567360001, 0.5698283567360001, 0.5698283567360001, 0.72668350216, 0.7273763050100001, 0.746687247098]
best_individual=((d(r, r*) + d(b, b*)) - ((d(r, b*) / (d(r, b) / d(b*, r*))) * ((d(b, b*) - (d(r, b*) - d(r, b))) * (d(r, r*) - ((((d(r, b) - d(b*, r*)) - (d(r, b*) - d(r, b))) * (d(r, r*) + d(b, b*))) * (d(r, b*) + d(b, b*)))))))
evaluation_best=0.6131768579700001
evaluation_manually_designed=0.95005634646
ga_execution_time_minutes=17.21755514939626