domain=robot
num_generations=15
pop_size=60
p_c=0.8
p_m=0.08
tournament_size=2
elite_size=6
w1=0.9
w2=0
w3=0.1
d_max=4
pr_op=0.7
time_out=1
avg_fit=[0.0835763119396, 0.1086497274804333, 0.14528120963270003, 0.15922977878076672, 0.17692097498596668, 0.18422092892800004, 0.19670996957753337, 0.22303581845963336, 0.2785874391047001, 0.3349454684310333, 0.3959240242242667, 0.45929342050066674, 0.4847777462849334, 0.5459977167930999, 0.6343829305063999]
best_fit=[0.18844049037000002, 0.355024487954, 0.6670559103820001, 0.6670559103820001, 0.6670559103820001, 0.6670559103820001, 0.6670559103820001, 0.6670559103820001, 0.6670559103820001, 0.6670559103820001, 0.7457232583460001, 0.861949487238, 0.861949487238, 0.861949487238, 0.861949487238]
best_individual=((d(r, r*) + d(b, b*)) + d(b, b*))
evaluation_best=0.870837374722
evaluation_manually_designed=0.950216059804
ga_execution_time_minutes=18.93029344479243