domain=robot
num_generations=15
pop_size=60
p_c=0.8
p_m=0.08
tournament_size=2
elite_size=6
w1=0.9
w2=0
w3=0.1
d_max=1
pr_op=0.7
time_out=1
avg_fit=[0.10296161509343334, 0.13149890949173335, 0.15021395034613336, 0.18549955457143336, 0.1860241865289, 0.24182653376953336, 0.2854284842414001, 0.28371493599960007, 0.3795074600194333, 0.3974181526331667, 0.4442760903374, 0.49707505156466675, 0.6435898764185334, 0.5988562927602668, 0.6469446589414001]
best_fit=[0.22406219656800003, 0.27121376464200003, 0.37802908701000004, 0.6670144153560001, 0.6670144153560001, 0.6670144153560001, 0.6670144153560001, 0.6670144153560001, 0.8615659584600001, 0.8615659584600001, 0.8615659584600001, 0.8615659584600001, 0.8615659584600001, 0.8615659584600001, 0.8615659584600001]
best_individual=(d(b, b*) + (d(b, b*) + d(r, r*)))
evaluation_best=0.866293382664
evaluation_manually_designed=0.950084616434
ga_execution_time_minutes=7.930003945032755